# last updated: January 23, 2017
# author: Emilee Rader
# description: code to create a data frame out of my Automatic.com driving data, downloaded on January 14, 2017, and including data from the previous month


# create vectors containing each variable (I would never do this by hand, I'd read in the CSV file. We'll cover that in Week 6.)
date <- c("2016-12-16","2016-12-16","2016-12-16","2016-12-17","2016-12-17","2016-12-17","2016-12-17","2016-12-18","2016-12-18","2016-12-18","2016-12-19","2016-12-19","2016-12-19","2016-12-19","2016-12-20","2016-12-20","2016-12-20","2016-12-20","2016-12-20","2016-12-20","2016-12-20","2016-12-20","2016-12-20","2016-12-20","2016-12-21","2016-12-21","2016-12-21","2016-12-21","2016-12-22","2016-12-22","2016-12-22","2016-12-23","2016-12-23","2016-12-23","2016-12-23","2016-12-23","2016-12-23","2016-12-23","2016-12-24","2016-12-24","2016-12-25","2016-12-25","2016-12-25","2016-12-25","2016-12-26","2016-12-26","2016-12-27","2016-12-27","2016-12-27","2016-12-27","2016-12-30","2016-12-30","2017-01-02","2017-01-02","2017-01-03","2017-01-04","2017-01-04","2017-01-04","2017-01-05","2017-01-05","2017-01-05","2017-01-05","2017-01-05","2017-01-05","2017-01-07","2017-01-07","2017-01-07","2017-01-08","2017-01-08","2017-01-08","2017-01-09","2017-01-09","2017-01-09","2017-01-09","2017-01-10","2017-01-10","2017-01-10","2017-01-11","2017-01-11","2017-01-11","2017-01-11","2017-01-12","2017-01-12","2017-01-12","2017-01-13","2017-01-13","2017-01-13")
start.time <- c("15:01","16:32","9:32","16:10","16:48","18:17","18:39","11:42","12:17","12:50","14:23","17:02","17:56","7:39","11:30","12:00","12:23","12:40","15:49","18:24","8:21","8:35","9:25","21:31","10:44","17:54","20:25","21:34","16:32","16:59","8:03","13:46","12:32","14:08","17:46","18:04","7:42","20:45","15:27","16:34","14:45","15:15","21:22","21:54","19:21","19:44","13:56","14:25","14:47","19:40","14:25","15:49","11:27","12:14","19:28","10:11","19:24","20:55","12:11","12:51","14:16","16:32","17:04","18:19","18:04","18:32","19:26","16:06","17:04","17:50","15:54","20:08","21:25","21:29","10:09","22:30","15:47","20:02","20:35","8:52","9:28","17:07","17:25","8:47","18:04","19:02","8:47")
end.time <- c("15:11","16:45","9:43","16:39","16:56","18:27","18:50","11:53","12:22","12:59","14:28","17:07","18:09","8:02","11:37","12:15","12:36","12:49","15:58","18:36","8:33","8:47","9:29","21:41","11:03","18:13","20:37","21:45","16:52","17:10","8:30","13:57","12:59","14:19","17:59","18:11","7:52","21:00","16:26","16:42","14:59","15:27","21:40","22:08","19:38","19:56","14:23","14:36","15:38","20:26","15:00","16:18","12:13","12:26","20:43","10:30","19:35","21:12","12:25","13:43","14:25","16:59","17:17","18:29","18:13","18:37","19:39","16:59","17:11","17:58","16:02","20:30","21:28","21:39","10:36","23:34","15:57","20:30","20:46","9:14","9:35","17:21","17:32","9:12","18:15","19:12","8:57")
distance.mi <- c(2.39,3.63,3.77,3.75,2.68,3.44,3.65,2.79,1.67,3.64,1.4,1.21,7.64,11.29,3.19,6.15,4.82,3.57,3.58,3.78,4.8,5.14,1.35,3.77,7.29,7.29,3.96,3.99,5.16,3.46,11.27,2.77,9.43,3.61,3.6,1.77,3.6,5.27,60.99,2.7,6.78,6.73,6.8,6.74,5.28,5.38,5.43,1.23,58.8,25.98,13.9,13.8,13.84,4.08,62.97,4.92,3.89,3.95,4.54,7.96,3.41,9.21,5.58,3.6,2.76,1.66,3.61,23.88,1.66,3.58,3.55,6.7,1.22,3.93,4.07,59.84,3.63,8.68,3.94,7.73,2.76,3.94,3.08,3.95,2.42,3.62,3.55)
duration.min <- c(9.8,12.34,10.55,28.49,8.63,10.09,11.57,11.34,4.87,9.27,5.56,4.83,13.01,23.06,7.09,15.3,13.16,8.88,9.37,11.16,12.24,11.56,4.46,10.71,19.3,18.29,11.46,11.07,20.54,10.29,26.29,10.97,27.57,10.89,13.06,7.12,10.06,14.37,58.25,8.07,14.51,12.28,18.29,13.53,16.84,12.56,26.55,10.89,51.52,45.65,34.91,28.64,45.95,11.75,75.62,19.11,10.46,16.46,13.59,51.72,8.61,26.82,12.92,10.13,9.51,5,13.59,53.41,6.98,8.1,8.38,22.5,3.38,10.51,27.95,64.03,9.33,27.46,11.08,21.74,6.14,13.54,7.23,25.24,10.69,10.7,10.06)
avg.mpg <- c(11.76,15.76,15.52,10.82,20.23,19.52,20.23,13.17,19.29,22.11,8.94,11.53,21.4,20.23,19.29,21.64,20.7,21.64,17.88,20.23,18.58,23.99,18.35,16.7,18.11,19.76,19.29,19.76,18.11,19.05,20.7,16.47,17.88,20.23,16.47,16.47,15.76,20.46,26.58,20.23,19.29,21.17,20.23,20.93,14.82,20.93,12.23,10.58,22.11,24.7,19.99,23.76,16.94,21.87,27.52,14.58,15.76,13.64,15.05,13.17,19.76,17.88,21.4,17.88,12.94,16.94,16.94,19.52,16.94,23.76,16.23,16.47,20.23,20.93,10.58,23.99,15.52,17.41,20.23,18.11,23.76,13.88,20.46,12.7,10.58,18.35,15.05)
hard.accel <- c(0,0,1,0,0,0,0,0,0,0,1,1,1,0,0,0,1,1,1,0,0,0,0,0,1,1,1,0,1,0,0,1,1,1,0,1,1,0,0,0,1,0,0,0,0,0,0,0,0,0,0,0,0,0,0,1,0,0,1,1,0,1,0,0,0,0,0,1,1,0,0,1,0,0,0,0,0,1,0,0,0,0,0,0,1,0,0)
hard.brake <- c(0,0,0,0,0,0,0,0,0,0,1,0,0,1,0,0,1,0,0,0,0,0,0,0,1,0,0,0,0,0,0,1,0,0,0,0,0,0,0,0,0,0,0,0,0,0,0,0,0,0,0,0,0,0,0,1,0,0,0,0,1,1,1,0,0,0,0,1,0,0,1,0,0,1,1,0,0,0,1,1,0,0,0,1,1,0,0)

# create the data frame out of the individual vectors for the variables
d <- data.frame(date, start.time, end.time, distance.mi, duration.min, avg.mpg, hard.accel, hard.brake, stringsAsFactors=FALSE)
